5
1	
lambdas[18 1] (0.0,1.0): 0.0 0.0 0.0 0.0 0.0 0.8869405044520421 0.0 0.0 0.0 0.0 0.0 0.0 0.0 0.0 0.0 0.0 0.0 0.0 	
indicators[18 1] (0,1): 0 0 0 0 0 1 0 0 0 0 0 0 0 0 0 0 0 0 	
i: 5, nodeNr: 5, lambda: 0.8869405044520421, time: 1.7587437582073706


9
17
0
1
16
0
15
0
3	
lambdas[18 1] (0.0,1.0): 0.6140648254220421 0.0 0.0 0.0 0.0 0.8869405044520421 0.0 0.0 0.0 0.0 0.0 0.0 0.0 0.0 0.0 0.0 0.0 0.10465610136597114 	
indicators[18 1] (0,1): 1 0 0 0 0 1 0 0 0 0 0 0 0 0 0 0 0 1 	
i: 0, nodeNr: 0, lambda: 0.6140648254220421, time: 7.99110010755459
i: 5, nodeNr: 5, lambda: 0.8869405044520421, time: 1.7587437582073706
i: 17, nodeNr: 17, lambda: 0.10465610136597114, time: 6.115938739715533


12
13
15
9
3	
lambdas[18 1] (0.0,1.0): 0.7467923952588198 0.0 0.0 0.0 0.0 0.8869405044520421 0.0 0.0 0.0 0.0 0.0 0.0 0.0 0.0 0.0 0.0 0.0 0.10465610136597114 	
indicators[18 1] (0,1): 1 0 0 0 0 1 0 0 0 0 0 0 0 0 0 0 0 1 	
i: 0, nodeNr: 0, lambda: 0.7467923952588198, time: 7.99110010755459
i: 5, nodeNr: 5, lambda: 0.8869405044520421, time: 1.7587437582073706
i: 17, nodeNr: 17, lambda: 0.10465610136597114, time: 6.115938739715533


8
16
14
7
6
4	
lambdas[18 1] (0.0,1.0): 0.7947378328634727 0.0 0.0 0.0 0.0 0.9115785482003642 0.2931467538134088 0.0 0.0 0.0 0.0 0.0 0.0 0.0 0.0 0.0 0.0 0.1119095422034869 	
indicators[18 1] (0,1): 1 0 0 0 0 1 1 0 0 0 0 0 0 0 0 0 0 1 	
i: 0, nodeNr: 0, lambda: 0.7947378328634727, time: 7.99110010755459
i: 5, nodeNr: 5, lambda: 0.9115785482003642, time: 1.7587437582073706
i: 6, nodeNr: 6, lambda: 0.2931467538134088, time: 1.4206513355387438
i: 17, nodeNr: 17, lambda: 0.1119095422034869, time: 6.115938739715533


0
3
4
4
4	
lambdas[18 1] (0.0,1.0): 0.7819580818127945 0.0 0.0 0.0 0.0 0.7453717513213607 0.2931467538134088 0.0 0.0 0.0 0.0 0.0 0.0 0.0 0.0 0.0 0.0 0.12233144679663857 	
indicators[18 1] (0,1): 1 0 0 0 0 1 1 0 0 0 0 0 0 0 0 0 0 1 	
i: 0, nodeNr: 0, lambda: 0.7819580818127945, time: 7.99110010755459
i: 5, nodeNr: 5, lambda: 0.7453717513213607, time: 1.7587437582073706
i: 6, nodeNr: 6, lambda: 0.2931467538134088, time: 1.4206513355387438
i: 17, nodeNr: 17, lambda: 0.12233144679663857, time: 6.115938739715533


0
16
11
11
3
12
10
11
4	
lambdas[18 1] (0.0,1.0): 0.7819580818127945 0.0 0.0 0.0 0.0 0.7984438247914035 0.2931467538134088 0.0 0.0 0.0 0.0 0.0 0.0 0.0 0.0 0.0 0.0 0.12233144679663857 	
indicators[18 1] (0,1): 1 0 0 0 0 1 1 0 0 0 0 0 0 0 0 0 0 1 	
i: 0, nodeNr: 0, lambda: 0.7819580818127945, time: 7.99110010755459
i: 5, nodeNr: 5, lambda: 0.7984438247914035, time: 1.7587437582073706
i: 6, nodeNr: 6, lambda: 0.2931467538134088, time: 1.4206513355387438
i: 17, nodeNr: 17, lambda: 0.12233144679663857, time: 6.115938739715533


4
1
12
1
12
1
3
1
4	
lambdas[18 1] (0.0,1.0): 0.7819580818127945 0.0 0.0 0.0 0.0 0.7883683519497374 0.2931467538134088 0.0 0.0 0.0 0.0 0.0 0.0 0.0 0.0 0.0 0.0 0.12233144679663857 	
indicators[18 1] (0,1): 1 0 0 0 0 1 1 0 0 0 0 0 0 0 0 0 0 1 	
i: 0, nodeNr: 0, lambda: 0.7819580818127945, time: 7.99110010755459
i: 5, nodeNr: 5, lambda: 0.7883683519497374, time: 1.7587437582073706
i: 6, nodeNr: 6, lambda: 0.2931467538134088, time: 1.4206513355387438
i: 17, nodeNr: 17, lambda: 0.12233144679663857, time: 6.115938739715533


1
9
7
14
4	
lambdas[18 1] (0.0,1.0): 0.7837304697194214 0.0 0.0 0.0 0.0 0.8729167252007572 0.30437355360541185 0.0 0.0 0.0 0.0 0.0 0.0 0.0 0.0 0.0 0.0 0.12908875577525053 	
indicators[18 1] (0,1): 1 0 0 0 0 1 1 0 0 0 0 0 0 0 0 0 0 1 	
i: 0, nodeNr: 0, lambda: 0.7837304697194214, time: 7.99110010755459
i: 5, nodeNr: 5, lambda: 0.8729167252007572, time: 1.7587437582073706
i: 6, nodeNr: 6, lambda: 0.30437355360541185, time: 1.4206513355387438
i: 17, nodeNr: 17, lambda: 0.12908875577525053, time: 6.115938739715533


6
12
8
2
2
4	
lambdas[18 1] (0.0,1.0): 0.8301716831810415 0.0 0.0 0.0 0.0 0.8729167252007572 0.30437355360541185 0.0 0.0 0.0 0.0 0.0 0.0 0.0 0.0 0.0 0.0 0.13360267857548083 	
indicators[18 1] (0,1): 1 0 0 0 0 1 1 0 0 0 0 0 0 0 0 0 0 1 	
i: 0, nodeNr: 0, lambda: 0.8301716831810415, time: 7.99110010755459
i: 5, nodeNr: 5, lambda: 0.8729167252007572, time: 1.7587437582073706
i: 6, nodeNr: 6, lambda: 0.30437355360541185, time: 1.4206513355387438
i: 17, nodeNr: 17, lambda: 0.13360267857548083, time: 6.115938739715533


5
17
9
10
13
3	
lambdas[18 1] (0.0,1.0): 0.7988259232660173 0.0 0.0 0.0 0.0 0.8260393138898435 0.2670197689368108 0.0 0.0 0.0 0.0 0.0 0.0 0.0 0.0 0.0 0.0 0.0 	
indicators[18 1] (0,1): 1 0 0 0 0 1 1 0 0 0 0 0 0 0 0 0 0 0 	
i: 0, nodeNr: 0, lambda: 0.7988259232660173, time: 7.99110010755459
i: 5, nodeNr: 5, lambda: 0.8260393138898435, time: 1.7587437582073706
i: 6, nodeNr: 6, lambda: 0.2670197689368108, time: 1.4206513355387438


6
12
10
11
3	
lambdas[18 1] (0.0,1.0): 0.7988259232660173 0.0 0.0 0.0 0.0 0.8424945714135562 0.2670197689368108 0.0 0.0 0.0 0.0 0.0 0.0 0.0 0.0 0.0 0.0 0.0 	
indicators[18 1] (0,1): 1 0 0 0 0 1 1 0 0 0 0 0 0 0 0 0 0 0 	
i: 0, nodeNr: 0, lambda: 0.7988259232660173, time: 7.99110010755459
i: 5, nodeNr: 5, lambda: 0.8424945714135562, time: 1.7587437582073706
i: 6, nodeNr: 6, lambda: 0.2670197689368108, time: 1.4206513355387438


2
12
14
14
11
4	
lambdas[18 1] (0.0,1.0): 0.7988259232660173 0.0 0.4901028037534281 0.0 0.0 0.8839145837499774 0.2588365886688067 0.0 0.0 0.0 0.0 0.0 0.0 0.0 0.0 0.0 0.0 0.0 	
indicators[18 1] (0,1): 1 0 1 0 0 1 1 0 0 0 0 0 0 0 0 0 0 0 	
i: 0, nodeNr: 0, lambda: 0.7988259232660173, time: 7.99110010755459
i: 2, nodeNr: 2, lambda: 0.4901028037534281, time: 0.1162272142367673
i: 5, nodeNr: 5, lambda: 0.8839145837499774, time: 1.7587437582073706
i: 6, nodeNr: 6, lambda: 0.2588365886688067, time: 1.4206513355387438


10
12
1
16
9
14
0
4	
lambdas[18 1] (0.0,1.0): 0.7988259232660173 0.0 0.5820242500748376 0.0 0.0 0.8839145837499774 0.2588365886688067 0.0 0.0 0.0 0.0 0.0 0.0 0.0 0.0 0.0 0.0 0.0 	
indicators[18 1] (0,1): 1 0 1 0 0 1 1 0 0 0 0 0 0 0 0 0 0 0 	
i: 0, nodeNr: 0, lambda: 0.7988259232660173, time: 7.99110010755459
i: 2, nodeNr: 2, lambda: 0.5820242500748376, time: 0.1162272142367673
i: 5, nodeNr: 5, lambda: 0.8839145837499774, time: 1.7587437582073706
i: 6, nodeNr: 6, lambda: 0.2588365886688067, time: 1.4206513355387438


1
9
15
4	
lambdas[18 1] (0.0,1.0): 0.7988259232660173 0.0 0.6712328741608531 0.0 0.0 0.8839145837499774 0.23467702290759365 0.0 0.0 0.0 0.0 0.0 0.0 0.0 0.0 0.0 0.0 0.0 	
indicators[18 1] (0,1): 1 0 1 0 0 1 1 0 0 0 0 0 0 0 0 0 0 0 	
i: 0, nodeNr: 0, lambda: 0.7988259232660173, time: 7.99110010755459
i: 2, nodeNr: 2, lambda: 0.6712328741608531, time: 0.1162272142367673
i: 5, nodeNr: 5, lambda: 0.8839145837499774, time: 1.7587437582073706
i: 6, nodeNr: 6, lambda: 0.23467702290759365, time: 1.4206513355387438


7
15
0
17
12
4	
lambdas[18 1] (0.0,1.0): 0.7988259232660173 0.0 0.6886008647564791 0.0 0.0 0.8235288243516569 0.26794559524086303 0.0 0.0 0.0 0.0 0.0 0.0 0.0 0.0 0.0 0.0 0.0 	
indicators[18 1] (0,1): 1 0 1 0 0 1 1 0 0 0 0 0 0 0 0 0 0 0 	
i: 0, nodeNr: 0, lambda: 0.7988259232660173, time: 7.99110010755459
i: 2, nodeNr: 2, lambda: 0.6886008647564791, time: 0.1162272142367673
i: 5, nodeNr: 5, lambda: 0.8235288243516569, time: 1.7587437582073706
i: 6, nodeNr: 6, lambda: 0.26794559524086303, time: 1.4206513355387438


2
10
12
8
6
3	
lambdas[18 1] (0.0,1.0): 0.8195432001153466 0.0 0.0 0.0 0.0 0.780447343250177 0.24414436124959413 0.0 0.0 0.0 0.0 0.0 0.0 0.0 0.0 0.0 0.0 0.0 	
indicators[18 1] (0,1): 1 0 0 0 0 1 1 0 0 0 0 0 0 0 0 0 0 0 	
i: 0, nodeNr: 0, lambda: 0.8195432001153466, time: 7.99110010755459
i: 5, nodeNr: 5, lambda: 0.780447343250177, time: 1.7587437582073706
i: 6, nodeNr: 6, lambda: 0.24414436124959413, time: 1.4206513355387438


6
15
3
1
10
3	
lambdas[18 1] (0.0,1.0): 0.8493474761601724 0.0 0.0 0.0 0.0 0.8340430321091423 0.2512734022895316 0.0 0.0 0.0 0.0 0.0 0.0 0.0 0.0 0.0 0.0 0.0 	
indicators[18 1] (0,1): 1 0 0 0 0 1 1 0 0 0 0 0 0 0 0 0 0 0 	
i: 0, nodeNr: 0, lambda: 0.8493474761601724, time: 7.99110010755459
i: 5, nodeNr: 5, lambda: 0.8340430321091423, time: 1.7587437582073706
i: 6, nodeNr: 6, lambda: 0.2512734022895316, time: 1.4206513355387438


4
15
8
14
17
4	
lambdas[18 1] (0.0,1.0): 0.9282649644388757 0.0 0.0 0.0 0.0 0.8340430321091423 0.2512734022895316 0.0 0.686258531749211 0.0 0.0 0.0 0.0 0.0 0.0 0.0 0.0 0.0 	
indicators[18 1] (0,1): 1 0 0 0 0 1 1 0 1 0 0 0 0 0 0 0 0 0 	
i: 0, nodeNr: 0, lambda: 0.9282649644388757, time: 7.99110010755459
i: 5, nodeNr: 5, lambda: 0.8340430321091423, time: 1.7587437582073706
i: 6, nodeNr: 6, lambda: 0.2512734022895316, time: 1.4206513355387438
i: 8, nodeNr: 8, lambda: 0.686258531749211, time: 0.0027381143056501855


1
9
12
4
12
2
4	
lambdas[18 1] (0.0,1.0): 0.9282649644388757 0.0 0.0 0.0 0.0 0.8756780451707462 0.2536855969418552 0.0 0.7531590593512913 0.0 0.0 0.0 0.0 0.0 0.0 0.0 0.0 0.0 	
indicators[18 1] (0,1): 1 0 0 0 0 1 1 0 1 0 0 0 0 0 0 0 0 0 	
i: 0, nodeNr: 0, lambda: 0.9282649644388757, time: 7.99110010755459
i: 5, nodeNr: 5, lambda: 0.8756780451707462, time: 1.7587437582073706
i: 6, nodeNr: 6, lambda: 0.2536855969418552, time: 1.4206513355387438
i: 8, nodeNr: 8, lambda: 0.7531590593512913, time: 0.0027381143056501855


9
12
1
0
4	
lambdas[18 1] (0.0,1.0): 0.9282649644388757 0.0 0.0 0.0 0.0 0.8756780451707462 0.23765564538519685 0.0 0.7991087896587993 0.0 0.0 0.0 0.0 0.0 0.0 0.0 0.0 0.0 	
indicators[18 1] (0,1): 1 0 0 0 0 1 1 0 1 0 0 0 0 0 0 0 0 0 	
i: 0, nodeNr: 0, lambda: 0.9282649644388757, time: 7.99110010755459
i: 5, nodeNr: 5, lambda: 0.8756780451707462, time: 1.7587437582073706
i: 6, nodeNr: 6, lambda: 0.23765564538519685, time: 1.4206513355387438
i: 8, nodeNr: 8, lambda: 0.7991087896587993, time: 0.0027381143056501855


2
15
5
15
7
4	
lambdas[18 1] (0.0,1.0): 0.9282649644388757 0.0 0.0 0.0 0.0 0.8756780451707462 0.24192319838598936 0.0 0.7720614198295914 0.0 0.0 0.0 0.0 0.0 0.0 0.0 0.0 0.0 	
indicators[18 1] (0,1): 1 0 0 0 0 1 1 0 1 0 0 0 0 0 0 0 0 0 	
i: 0, nodeNr: 0, lambda: 0.9282649644388757, time: 7.99110010755459
i: 5, nodeNr: 5, lambda: 0.8756780451707462, time: 1.7587437582073706
i: 6, nodeNr: 6, lambda: 0.24192319838598936, time: 1.4206513355387438
i: 8, nodeNr: 8, lambda: 0.7720614198295914, time: 0.0027381143056501855


14
15
3
13
17
5
4
4	
lambdas[18 1] (0.0,1.0): 0.9282649644388757 0.0 0.0 0.0 0.0 0.8562723432388889 0.24192319838598936 0.0 0.8140863685231203 0.0 0.0 0.0 0.0 0.0 0.0 0.0 0.0 0.0 	
indicators[18 1] (0,1): 1 0 0 0 0 1 1 0 1 0 0 0 0 0 0 0 0 0 	
i: 0, nodeNr: 0, lambda: 0.9282649644388757, time: 7.99110010755459
i: 5, nodeNr: 5, lambda: 0.8562723432388889, time: 1.7587437582073706
i: 6, nodeNr: 6, lambda: 0.24192319838598936, time: 1.4206513355387438
i: 8, nodeNr: 8, lambda: 0.8140863685231203, time: 0.0027381143056501855


12
16
4
5
4	
lambdas[18 1] (0.0,1.0): 0.9282649644388757 0.0 0.0 0.0 0.0 0.8758019246191292 0.2313735183814164 0.0 0.8140863685231203 0.0 0.0 0.0 0.0 0.0 0.0 0.0 0.0 0.0 	
indicators[18 1] (0,1): 1 0 0 0 0 1 1 0 1 0 0 0 0 0 0 0 0 0 	
i: 0, nodeNr: 0, lambda: 0.9282649644388757, time: 7.99110010755459
i: 5, nodeNr: 5, lambda: 0.8758019246191292, time: 1.7587437582073706
i: 6, nodeNr: 6, lambda: 0.2313735183814164, time: 1.4206513355387438
i: 8, nodeNr: 8, lambda: 0.8140863685231203, time: 0.0027381143056501855


0
17
14
17
4	
lambdas[18 1] (0.0,1.0): 0.9282649644388757 0.0 0.0 0.0 0.0 0.8758019246191292 0.2138141936027394 0.0 0.8140863685231203 0.0 0.0 0.0 0.0 0.0 0.0 0.0 0.0 0.0 	
indicators[18 1] (0,1): 1 0 0 0 0 1 1 0 1 0 0 0 0 0 0 0 0 0 	
i: 0, nodeNr: 0, lambda: 0.9282649644388757, time: 7.99110010755459
i: 5, nodeNr: 5, lambda: 0.8758019246191292, time: 1.7587437582073706
i: 6, nodeNr: 6, lambda: 0.2138141936027394, time: 1.4206513355387438
i: 8, nodeNr: 8, lambda: 0.8140863685231203, time: 0.0027381143056501855


14
6
11
16
5
8
3	
lambdas[18 1] (0.0,1.0): 0.9282649644388757 0.0 0.0 0.0 0.0 0.8758019246191292 0.19523391130876613 0.0 0.0 0.0 0.0 0.0 0.0 0.0 0.0 0.0 0.0 0.0 	
indicators[18 1] (0,1): 1 0 0 0 0 1 1 0 0 0 0 0 0 0 0 0 0 0 	
i: 0, nodeNr: 0, lambda: 0.9282649644388757, time: 7.99110010755459
i: 5, nodeNr: 5, lambda: 0.8758019246191292, time: 1.7587437582073706
i: 6, nodeNr: 6, lambda: 0.19523391130876613, time: 1.4206513355387438


9
6
15
14
14
15
9
1
3	
lambdas[18 1] (0.0,1.0): 0.9256582238258598 0.0 0.0 0.0 0.0 0.8758019246191292 0.20647585313483272 0.0 0.0 0.0 0.0 0.0 0.0 0.0 0.0 0.0 0.0 0.0 	
indicators[18 1] (0,1): 1 0 0 0 0 1 1 0 0 0 0 0 0 0 0 0 0 0 	
i: 0, nodeNr: 0, lambda: 0.9256582238258598, time: 7.99110010755459
i: 5, nodeNr: 5, lambda: 0.8758019246191292, time: 1.7587437582073706
i: 6, nodeNr: 6, lambda: 0.20647585313483272, time: 1.4206513355387438


10
4
6
5
3
7
3	
lambdas[18 1] (0.0,1.0): 0.9807260081732649 0.0 0.0 0.0 0.0 0.8758019246191292 0.21975583601517676 0.0 0.0 0.0 0.0 0.0 0.0 0.0 0.0 0.0 0.0 0.0 	
indicators[18 1] (0,1): 1 0 0 0 0 1 1 0 0 0 0 0 0 0 0 0 0 0 	
i: 0, nodeNr: 0, lambda: 0.9807260081732649, time: 7.99110010755459
i: 5, nodeNr: 5, lambda: 0.8758019246191292, time: 1.7587437582073706
i: 6, nodeNr: 6, lambda: 0.21975583601517676, time: 1.4206513355387438


13
4
9
11
10
10
3	
lambdas[18 1] (0.0,1.0): 0.9807260081732649 0.0 0.0 0.0 0.0 0.8669332430048994 0.21975583601517676 0.0 0.0 0.0 0.0 0.0 0.0 0.0 0.0 0.0 0.0 0.0 	
indicators[18 1] (0,1): 1 0 0 0 0 1 1 0 0 0 0 0 0 0 0 0 0 0 	
i: 0, nodeNr: 0, lambda: 0.9807260081732649, time: 7.99110010755459
i: 5, nodeNr: 5, lambda: 0.8669332430048994, time: 1.7587437582073706
i: 6, nodeNr: 6, lambda: 0.21975583601517676, time: 1.4206513355387438


14
12
6
0
1
3	
lambdas[18 1] (0.0,1.0): 0.8868022688544678 0.0 0.0 0.0 0.0 0.8260511882400757 0.21391347634127625 0.0 0.0 0.0 0.0 0.0 0.0 0.0 0.0 0.0 0.0 0.0 	
indicators[18 1] (0,1): 1 0 0 0 0 1 1 0 0 0 0 0 0 0 0 0 0 0 	
i: 0, nodeNr: 0, lambda: 0.8868022688544678, time: 7.99110010755459
i: 5, nodeNr: 5, lambda: 0.8260511882400757, time: 1.7587437582073706
i: 6, nodeNr: 6, lambda: 0.21391347634127625, time: 1.4206513355387438


8
17
3
2
17
1
3	
lambdas[18 1] (0.0,1.0): 0.9456946247640794 0.0 0.0 0.0 0.0 0.8944812698184241 0.21391347634127625 0.0 0.0 0.0 0.0 0.0 0.0 0.0 0.0 0.0 0.0 0.0 	
indicators[18 1] (0,1): 1 0 0 0 0 1 1 0 0 0 0 0 0 0 0 0 0 0 	
i: 0, nodeNr: 0, lambda: 0.9456946247640794, time: 7.99110010755459
i: 5, nodeNr: 5, lambda: 0.8944812698184241, time: 1.7587437582073706
i: 6, nodeNr: 6, lambda: 0.21391347634127625, time: 1.4206513355387438


5
9
5
2
13
3	
lambdas[18 1] (0.0,1.0): 0.9456946247640794 0.0 0.0 0.0 0.0 0.9007014521747972 0.19392875855712513 0.0 0.0 0.0 0.0 0.0 0.0 0.0 0.0 0.0 0.0 0.0 	
indicators[18 1] (0,1): 1 0 0 0 0 1 1 0 0 0 0 0 0 0 0 0 0 0 	
i: 0, nodeNr: 0, lambda: 0.9456946247640794, time: 7.99110010755459
i: 5, nodeNr: 5, lambda: 0.9007014521747972, time: 1.7587437582073706
i: 6, nodeNr: 6, lambda: 0.19392875855712513, time: 1.4206513355387438


13
5
5
0
16
6
3	
lambdas[18 1] (0.0,1.0): 0.8609639893406662 0.0 0.0 0.0 0.0 0.9007014521747972 0.193707323300438 0.0 0.0 0.0 0.0 0.0 0.0 0.0 0.0 0.0 0.0 0.0 	
indicators[18 1] (0,1): 1 0 0 0 0 1 1 0 0 0 0 0 0 0 0 0 0 0 	
i: 0, nodeNr: 0, lambda: 0.8609639893406662, time: 7.99110010755459
i: 5, nodeNr: 5, lambda: 0.9007014521747972, time: 1.7587437582073706
i: 6, nodeNr: 6, lambda: 0.193707323300438, time: 1.4206513355387438


4
13
10
3	
lambdas[18 1] (0.0,1.0): 0.9294560251935112 0.0 0.0 0.0 0.0 0.8115044562873143 0.19035304507439174 0.0 0.0 0.0 0.0 0.0 0.0 0.0 0.0 0.0 0.0 0.0 	
indicators[18 1] (0,1): 1 0 0 0 0 1 1 0 0 0 0 0 0 0 0 0 0 0 	
i: 0, nodeNr: 0, lambda: 0.9294560251935112, time: 7.99110010755459
i: 5, nodeNr: 5, lambda: 0.8115044562873143, time: 1.7587437582073706
i: 6, nodeNr: 6, lambda: 0.19035304507439174, time: 1.4206513355387438


8
16
2
4
4
3	
lambdas[18 1] (0.0,1.0): 0.9298810639019962 0.0 0.0 0.0 0.0 0.8115044562873143 0.17680714357550878 0.0 0.0 0.0 0.0 0.0 0.0 0.0 0.0 0.0 0.0 0.0 	
indicators[18 1] (0,1): 1 0 0 0 0 1 1 0 0 0 0 0 0 0 0 0 0 0 	
i: 0, nodeNr: 0, lambda: 0.9298810639019962, time: 7.99110010755459
i: 5, nodeNr: 5, lambda: 0.8115044562873143, time: 1.7587437582073706
i: 6, nodeNr: 6, lambda: 0.17680714357550878, time: 1.4206513355387438


10
5
14
3	
lambdas[18 1] (0.0,1.0): 0.9469645227622858 0.0 0.0 0.0 0.0 0.7629755504839063 0.177410048068158 0.0 0.0 0.0 0.0 0.0 0.0 0.0 0.0 0.0 0.0 0.0 	
indicators[18 1] (0,1): 1 0 0 0 0 1 1 0 0 0 0 0 0 0 0 0 0 0 	
i: 0, nodeNr: 0, lambda: 0.9469645227622858, time: 7.99110010755459
i: 5, nodeNr: 5, lambda: 0.7629755504839063, time: 1.7587437582073706
i: 6, nodeNr: 6, lambda: 0.177410048068158, time: 1.4206513355387438


12
7
1
17
11
3	
lambdas[18 1] (0.0,1.0): 0.9122466137228741 0.0 0.0 0.0 0.0 0.7629755504839063 0.20420142943975417 0.0 0.0 0.0 0.0 0.0 0.0 0.0 0.0 0.0 0.0 0.0 	
indicators[18 1] (0,1): 1 0 0 0 0 1 1 0 0 0 0 0 0 0 0 0 0 0 	
i: 0, nodeNr: 0, lambda: 0.9122466137228741, time: 7.99110010755459
i: 5, nodeNr: 5, lambda: 0.7629755504839063, time: 1.7587437582073706
i: 6, nodeNr: 6, lambda: 0.20420142943975417, time: 1.4206513355387438


6
0
6
3
16
13
3	
lambdas[18 1] (0.0,1.0): 0.9127552639343456 0.0 0.0 0.0 0.0 0.7629755504839063 0.1969164557987587 0.0 0.0 0.0 0.0 0.0 0.0 0.0 0.0 0.0 0.0 0.0 	
indicators[18 1] (0,1): 1 0 0 0 0 1 1 0 0 0 0 0 0 0 0 0 0 0 	
i: 0, nodeNr: 0, lambda: 0.9127552639343456, time: 7.99110010755459
i: 5, nodeNr: 5, lambda: 0.7629755504839063, time: 1.7587437582073706
i: 6, nodeNr: 6, lambda: 0.1969164557987587, time: 1.4206513355387438


14
1
12
3	
lambdas[18 1] (0.0,1.0): 0.9179184014823941 0.0 0.0 0.0 0.0 0.7629755504839063 0.18655382885279476 0.0 0.0 0.0 0.0 0.0 0.0 0.0 0.0 0.0 0.0 0.0 	
indicators[18 1] (0,1): 1 0 0 0 0 1 1 0 0 0 0 0 0 0 0 0 0 0 	
i: 0, nodeNr: 0, lambda: 0.9179184014823941, time: 7.99110010755459
i: 5, nodeNr: 5, lambda: 0.7629755504839063, time: 1.7587437582073706
i: 6, nodeNr: 6, lambda: 0.18655382885279476, time: 1.4206513355387438


5
16
8
4
3	
lambdas[18 1] (0.0,1.0): 0.8737868226269799 0.0 0.0 0.0 0.0 0.8427786429257327 0.18925992218415716 0.0 0.0 0.0 0.0 0.0 0.0 0.0 0.0 0.0 0.0 0.0 	
indicators[18 1] (0,1): 1 0 0 0 0 1 1 0 0 0 0 0 0 0 0 0 0 0 	
i: 0, nodeNr: 0, lambda: 0.8737868226269799, time: 7.99110010755459
i: 5, nodeNr: 5, lambda: 0.8427786429257327, time: 1.7587437582073706
i: 6, nodeNr: 6, lambda: 0.18925992218415716, time: 1.4206513355387438


10
14
17
3	
lambdas[18 1] (0.0,1.0): 0.8733162344760996 0.0 0.0 0.0 0.0 0.826337150498977 0.22644170690961798 0.0 0.0 0.0 0.0 0.0 0.0 0.0 0.0 0.0 0.0 0.0 	
indicators[18 1] (0,1): 1 0 0 0 0 1 1 0 0 0 0 0 0 0 0 0 0 0 	
i: 0, nodeNr: 0, lambda: 0.8733162344760996, time: 7.99110010755459
i: 5, nodeNr: 5, lambda: 0.826337150498977, time: 1.7587437582073706
i: 6, nodeNr: 6, lambda: 0.22644170690961798, time: 1.4206513355387438


1
10
14
12
3
3	
lambdas[18 1] (0.0,1.0): 0.8733162344760996 0.0 0.0 0.0 0.0 0.8462597783933464 0.25778741944604805 0.0 0.0 0.0 0.0 0.0 0.0 0.0 0.0 0.0 0.0 0.0 	
indicators[18 1] (0,1): 1 0 0 0 0 1 1 0 0 0 0 0 0 0 0 0 0 0 	
i: 0, nodeNr: 0, lambda: 0.8733162344760996, time: 7.99110010755459
i: 5, nodeNr: 5, lambda: 0.8462597783933464, time: 1.7587437582073706
i: 6, nodeNr: 6, lambda: 0.25778741944604805, time: 1.4206513355387438


11
17
16
7
8
3	
lambdas[18 1] (0.0,1.0): 0.9437015879651864 0.0 0.0 0.0 0.0 0.8332350886744498 0.25778741944604805 0.0 0.0 0.0 0.0 0.0 0.0 0.0 0.0 0.0 0.0 0.0 	
indicators[18 1] (0,1): 1 0 0 0 0 1 1 0 0 0 0 0 0 0 0 0 0 0 	
i: 0, nodeNr: 0, lambda: 0.9437015879651864, time: 7.99110010755459
i: 5, nodeNr: 5, lambda: 0.8332350886744498, time: 1.7587437582073706
i: 6, nodeNr: 6, lambda: 0.25778741944604805, time: 1.4206513355387438


5
14
15
8
3	
lambdas[18 1] (0.0,1.0): 0.9437015879651864 0.0 0.0 0.0 0.0 0.8338164076622189 0.2595120628218467 0.0 0.0 0.0 0.0 0.0 0.0 0.0 0.0 0.0 0.0 0.0 	
indicators[18 1] (0,1): 1 0 0 0 0 1 1 0 0 0 0 0 0 0 0 0 0 0 	
i: 0, nodeNr: 0, lambda: 0.9437015879651864, time: 7.99110010755459
i: 5, nodeNr: 5, lambda: 0.8338164076622189, time: 1.7587437582073706
i: 6, nodeNr: 6, lambda: 0.2595120628218467, time: 1.4206513355387438


3
14
8
8
3	
lambdas[18 1] (0.0,1.0): 0.9254448727261116 0.0 0.0 0.0 0.0 0.8604451572819422 0.2595120628218467 0.0 0.0 0.0 0.0 0.0 0.0 0.0 0.0 0.0 0.0 0.0 	
indicators[18 1] (0,1): 1 0 0 0 0 1 1 0 0 0 0 0 0 0 0 0 0 0 	
i: 0, nodeNr: 0, lambda: 0.9254448727261116, time: 7.99110010755459
i: 5, nodeNr: 5, lambda: 0.8604451572819422, time: 1.7587437582073706
i: 6, nodeNr: 6, lambda: 0.2595120628218467, time: 1.4206513355387438


0
4
12
0
9
7
14
14
3	
lambdas[18 1] (0.0,1.0): 0.9254448727261116 0.0 0.0 0.0 0.0 0.8604451572819422 0.2595120628218467 0.0 0.0 0.0 0.0 0.0 0.0 0.0 0.0 0.0 0.0 0.0 	
indicators[18 1] (0,1): 1 0 0 0 0 1 1 0 0 0 0 0 0 0 0 0 0 0 	
i: 0, nodeNr: 0, lambda: 0.9254448727261116, time: 7.99110010755459
i: 5, nodeNr: 5, lambda: 0.8604451572819422, time: 1.7587437582073706
i: 6, nodeNr: 6, lambda: 0.2595120628218467, time: 1.4206513355387438


7
3
17
2
7
5
8
3	
lambdas[18 1] (0.0,1.0): 0.8748462525120211 0.0 0.0 0.0 0.0 0.7778541604220697 0.2595120628218467 0.0 0.0 0.0 0.0 0.0 0.0 0.0 0.0 0.0 0.0 0.0 	
indicators[18 1] (0,1): 1 0 0 0 0 1 1 0 0 0 0 0 0 0 0 0 0 0 	
i: 0, nodeNr: 0, lambda: 0.8748462525120211, time: 7.99110010755459
i: 5, nodeNr: 5, lambda: 0.7778541604220697, time: 1.7587437582073706
i: 6, nodeNr: 6, lambda: 0.2595120628218467, time: 1.4206513355387438


13
14
1
11
3	
lambdas[18 1] (0.0,1.0): 0.897602564656623 0.0 0.0 0.0 0.0 0.7778541604220697 0.28100874707758045 0.0 0.0 0.0 0.0 0.0 0.0 0.0 0.0 0.0 0.0 0.0 	
indicators[18 1] (0,1): 1 0 0 0 0 1 1 0 0 0 0 0 0 0 0 0 0 0 	
i: 0, nodeNr: 0, lambda: 0.897602564656623, time: 7.99110010755459
i: 5, nodeNr: 5, lambda: 0.7778541604220697, time: 1.7587437582073706
i: 6, nodeNr: 6, lambda: 0.28100874707758045, time: 1.4206513355387438


7
0
3	
lambdas[18 1] (0.0,1.0): 0.892154213376878 0.0 0.0 0.0 0.0 0.8022438503744344 0.2768236374516711 0.0 0.0 0.0 0.0 0.0 0.0 0.0 0.0 0.0 0.0 0.0 	
indicators[18 1] (0,1): 1 0 0 0 0 1 1 0 0 0 0 0 0 0 0 0 0 0 	
i: 0, nodeNr: 0, lambda: 0.892154213376878, time: 7.99110010755459
i: 5, nodeNr: 5, lambda: 0.8022438503744344, time: 1.7587437582073706
i: 6, nodeNr: 6, lambda: 0.2768236374516711, time: 1.4206513355387438


4
9
16
10
17
2
3	
lambdas[18 1] (0.0,1.0): 0.892154213376878 0.0 0.0 0.0 0.0 0.8387576526603477 0.33076354744459463 0.0 0.0 0.0 0.0 0.0 0.0 0.0 0.0 0.0 0.0 0.0 	
indicators[18 1] (0,1): 1 0 0 0 0 1 1 0 0 0 0 0 0 0 0 0 0 0 	
i: 0, nodeNr: 0, lambda: 0.892154213376878, time: 7.99110010755459
i: 5, nodeNr: 5, lambda: 0.8387576526603477, time: 1.7587437582073706
i: 6, nodeNr: 6, lambda: 0.33076354744459463, time: 1.4206513355387438


10
0
3
13
3	
lambdas[18 1] (0.0,1.0): 0.892154213376878 0.0 0.0 0.0 0.0 0.8500323601430544 0.2909762226275285 0.0 0.0 0.0 0.0 0.0 0.0 0.0 0.0 0.0 0.0 0.0 	
indicators[18 1] (0,1): 1 0 0 0 0 1 1 0 0 0 0 0 0 0 0 0 0 0 	
i: 0, nodeNr: 0, lambda: 0.892154213376878, time: 7.99110010755459
i: 5, nodeNr: 5, lambda: 0.8500323601430544, time: 1.7587437582073706
i: 6, nodeNr: 6, lambda: 0.2909762226275285, time: 1.4206513355387438


4
0
2
0
8
3	
lambdas[18 1] (0.0,1.0): 0.8465370010114383 0.0 0.0 0.0 0.0 0.9222377421227355 0.2835327281518532 0.0 0.0 0.0 0.0 0.0 0.0 0.0 0.0 0.0 0.0 0.0 	
indicators[18 1] (0,1): 1 0 0 0 0 1 1 0 0 0 0 0 0 0 0 0 0 0 	
i: 0, nodeNr: 0, lambda: 0.8465370010114383, time: 7.99110010755459
i: 5, nodeNr: 5, lambda: 0.9222377421227355, time: 1.7587437582073706
i: 6, nodeNr: 6, lambda: 0.2835327281518532, time: 1.4206513355387438


0
7
3
5
3	
lambdas[18 1] (0.0,1.0): 0.8465370010114383 0.0 0.0 0.0 0.0 0.8646744377836064 0.24462702374511208 0.0 0.0 0.0 0.0 0.0 0.0 0.0 0.0 0.0 0.0 0.0 	
indicators[18 1] (0,1): 1 0 0 0 0 1 1 0 0 0 0 0 0 0 0 0 0 0 	
i: 0, nodeNr: 0, lambda: 0.8465370010114383, time: 7.99110010755459
i: 5, nodeNr: 5, lambda: 0.8646744377836064, time: 1.7587437582073706
i: 6, nodeNr: 6, lambda: 0.24462702374511208, time: 1.4206513355387438


0
1
8
14
4	
lambdas[18 1] (0.0,1.0): 0.8561365387777404 0.132004590230551 0.0 0.0 0.0 0.8174848662625973 0.25205961452193937 0.0 0.0 0.0 0.0 0.0 0.0 0.0 0.0 0.0 0.0 0.0 	
indicators[18 1] (0,1): 1 1 0 0 0 1 1 0 0 0 0 0 0 0 0 0 0 0 	
i: 0, nodeNr: 0, lambda: 0.8561365387777404, time: 7.99110010755459
i: 1, nodeNr: 1, lambda: 0.132004590230551, time: 0.6142773153634877
i: 5, nodeNr: 5, lambda: 0.8174848662625973, time: 1.7587437582073706
i: 6, nodeNr: 6, lambda: 0.25205961452193937, time: 1.4206513355387438


10
15
3
4	
lambdas[18 1] (0.0,1.0): 0.9280738855230709 0.12988074841248132 0.0 0.0 0.0 0.8174848662625973 0.25205961452193937 0.0 0.0 0.0 0.0 0.0 0.0 0.0 0.0 0.0 0.0 0.0 	
indicators[18 1] (0,1): 1 1 0 0 0 1 1 0 0 0 0 0 0 0 0 0 0 0 	
i: 0, nodeNr: 0, lambda: 0.9280738855230709, time: 7.99110010755459
i: 1, nodeNr: 1, lambda: 0.12988074841248132, time: 0.6142773153634877
i: 5, nodeNr: 5, lambda: 0.8174848662625973, time: 1.7587437582073706
i: 6, nodeNr: 6, lambda: 0.25205961452193937, time: 1.4206513355387438


3
7
5
4	
lambdas[18 1] (0.0,1.0): 0.9280738855230709 0.13826223999104523 0.0 0.0 0.0 0.8679981997003794 0.25205961452193937 0.0 0.0 0.0 0.0 0.0 0.0 0.0 0.0 0.0 0.0 0.0 	
indicators[18 1] (0,1): 1 1 0 0 0 1 1 0 0 0 0 0 0 0 0 0 0 0 	
i: 0, nodeNr: 0, lambda: 0.9280738855230709, time: 7.99110010755459
i: 1, nodeNr: 1, lambda: 0.13826223999104523, time: 0.6142773153634877
i: 5, nodeNr: 5, lambda: 0.8679981997003794, time: 1.7587437582073706
i: 6, nodeNr: 6, lambda: 0.25205961452193937, time: 1.4206513355387438


11
17
15
6
5
10
4	
lambdas[18 1] (0.0,1.0): 0.8513528397170774 0.15222209712157303 0.0 0.0 0.0 0.9246479160205842 0.25205961452193937 0.0 0.0 0.0 0.0 0.0 0.0 0.0 0.0 0.0 0.0 0.0 	
indicators[18 1] (0,1): 1 1 0 0 0 1 1 0 0 0 0 0 0 0 0 0 0 0 	
i: 0, nodeNr: 0, lambda: 0.8513528397170774, time: 7.99110010755459
i: 1, nodeNr: 1, lambda: 0.15222209712157303, time: 0.6142773153634877
i: 5, nodeNr: 5, lambda: 0.9246479160205842, time: 1.7587437582073706
i: 6, nodeNr: 6, lambda: 0.25205961452193937, time: 1.4206513355387438


9
10
9
4	
lambdas[18 1] (0.0,1.0): 0.9118482970186849 0.15222209712157303 0.0 0.0 0.0 0.8455302957340851 0.3181924396474111 0.0 0.0 0.0 0.0 0.0 0.0 0.0 0.0 0.0 0.0 0.0 	
indicators[18 1] (0,1): 1 1 0 0 0 1 1 0 0 0 0 0 0 0 0 0 0 0 	
i: 0, nodeNr: 0, lambda: 0.9118482970186849, time: 7.99110010755459
i: 1, nodeNr: 1, lambda: 0.15222209712157303, time: 0.6142773153634877
i: 5, nodeNr: 5, lambda: 0.8455302957340851, time: 1.7587437582073706
i: 6, nodeNr: 6, lambda: 0.3181924396474111, time: 1.4206513355387438


6
4
9
13
4	
lambdas[18 1] (0.0,1.0): 0.9118482970186849 0.14925018317715302 0.0 0.0 0.0 0.8455302957340851 0.32032311194919744 0.0 0.0 0.0 0.0 0.0 0.0 0.0 0.0 0.0 0.0 0.0 	
indicators[18 1] (0,1): 1 1 0 0 0 1 1 0 0 0 0 0 0 0 0 0 0 0 	
i: 0, nodeNr: 0, lambda: 0.9118482970186849, time: 7.99110010755459
i: 1, nodeNr: 1, lambda: 0.14925018317715302, time: 0.6142773153634877
i: 5, nodeNr: 5, lambda: 0.8455302957340851, time: 1.7587437582073706
i: 6, nodeNr: 6, lambda: 0.32032311194919744, time: 1.4206513355387438


3
7
6
8
15
4	
lambdas[18 1] (0.0,1.0): 0.8384782439646452 0.1583148108734678 0.0 0.0 0.0 0.8604946064887744 0.32032311194919744 0.0 0.0 0.0 0.0 0.0 0.0 0.0 0.0 0.0 0.0 0.0 	
indicators[18 1] (0,1): 1 1 0 0 0 1 1 0 0 0 0 0 0 0 0 0 0 0 	
i: 0, nodeNr: 0, lambda: 0.8384782439646452, time: 7.99110010755459
i: 1, nodeNr: 1, lambda: 0.1583148108734678, time: 0.6142773153634877
i: 5, nodeNr: 5, lambda: 0.8604946064887744, time: 1.7587437582073706
i: 6, nodeNr: 6, lambda: 0.32032311194919744, time: 1.4206513355387438


16
7
15
12
17
15
4	
lambdas[18 1] (0.0,1.0): 0.8384782439646452 0.1652527296220402 0.0 0.0 0.0 0.8604946064887744 0.31810157515249005 0.0 0.0 0.0 0.0 0.0 0.0 0.0 0.0 0.0 0.0 0.0 	
indicators[18 1] (0,1): 1 1 0 0 0 1 1 0 0 0 0 0 0 0 0 0 0 0 	
i: 0, nodeNr: 0, lambda: 0.8384782439646452, time: 7.99110010755459
i: 1, nodeNr: 1, lambda: 0.1652527296220402, time: 0.6142773153634877
i: 5, nodeNr: 5, lambda: 0.8604946064887744, time: 1.7587437582073706
i: 6, nodeNr: 6, lambda: 0.31810157515249005, time: 1.4206513355387438


1
5
13
3	
lambdas[18 1] (0.0,1.0): 0.8384782439646452 0.0 0.0 0.0 0.0 0.8620968187850115 0.3309112527282014 0.0 0.0 0.0 0.0 0.0 0.0 0.0 0.0 0.0 0.0 0.0 	
indicators[18 1] (0,1): 1 0 0 0 0 1 1 0 0 0 0 0 0 0 0 0 0 0 	
i: 0, nodeNr: 0, lambda: 0.8384782439646452, time: 7.99110010755459
i: 5, nodeNr: 5, lambda: 0.8620968187850115, time: 1.7587437582073706
i: 6, nodeNr: 6, lambda: 0.3309112527282014, time: 1.4206513355387438


0
10
9
15
3	
lambdas[18 1] (0.0,1.0): 0.8909750478924694 0.0 0.0 0.0 0.0 0.8620968187850115 0.3438218365264007 0.0 0.0 0.0 0.0 0.0 0.0 0.0 0.0 0.0 0.0 0.0 	
indicators[18 1] (0,1): 1 0 0 0 0 1 1 0 0 0 0 0 0 0 0 0 0 0 	
i: 0, nodeNr: 0, lambda: 0.8909750478924694, time: 7.99110010755459
i: 5, nodeNr: 5, lambda: 0.8620968187850115, time: 1.7587437582073706
i: 6, nodeNr: 6, lambda: 0.3438218365264007, time: 1.4206513355387438


5
5
11
13
14
1
3	
lambdas[18 1] (0.0,1.0): 0.8909750478924694 0.0 0.0 0.0 0.0 0.8620968187850115 0.3438218365264007 0.0 0.0 0.0 0.0 0.0 0.0 0.0 0.0 0.0 0.0 0.0 	
indicators[18 1] (0,1): 1 0 0 0 0 1 1 0 0 0 0 0 0 0 0 0 0 0 	
i: 0, nodeNr: 0, lambda: 0.8909750478924694, time: 7.99110010755459
i: 5, nodeNr: 5, lambda: 0.8620968187850115, time: 1.7587437582073706
i: 6, nodeNr: 6, lambda: 0.3438218365264007, time: 1.4206513355387438


15
13
6
10
9
3	
lambdas[18 1] (0.0,1.0): 0.8769619175919746 0.0 0.0 0.0 0.0 0.8620968187850115 0.3313307899791461 0.0 0.0 0.0 0.0 0.0 0.0 0.0 0.0 0.0 0.0 0.0 	
indicators[18 1] (0,1): 1 0 0 0 0 1 1 0 0 0 0 0 0 0 0 0 0 0 	
i: 0, nodeNr: 0, lambda: 0.8769619175919746, time: 7.99110010755459
i: 5, nodeNr: 5, lambda: 0.8620968187850115, time: 1.7587437582073706
i: 6, nodeNr: 6, lambda: 0.3313307899791461, time: 1.4206513355387438


9
3
2
5
3	
lambdas[18 1] (0.0,1.0): 0.8769619175919746 0.0 0.0 0.0 0.0 0.8669974892210586 0.33372386726176967 0.0 0.0 0.0 0.0 0.0 0.0 0.0 0.0 0.0 0.0 0.0 	
indicators[18 1] (0,1): 1 0 0 0 0 1 1 0 0 0 0 0 0 0 0 0 0 0 	
i: 0, nodeNr: 0, lambda: 0.8769619175919746, time: 7.99110010755459
i: 5, nodeNr: 5, lambda: 0.8669974892210586, time: 1.7587437582073706
i: 6, nodeNr: 6, lambda: 0.33372386726176967, time: 1.4206513355387438


15
6
11
15
16
7
3	
lambdas[18 1] (0.0,1.0): 0.8769619175919746 0.0 0.0 0.0 0.0 0.8669974892210586 0.3803145287397811 0.0 0.0 0.0 0.0 0.0 0.0 0.0 0.0 0.0 0.0 0.0 	
indicators[18 1] (0,1): 1 0 0 0 0 1 1 0 0 0 0 0 0 0 0 0 0 0 	
i: 0, nodeNr: 0, lambda: 0.8769619175919746, time: 7.99110010755459
i: 5, nodeNr: 5, lambda: 0.8669974892210586, time: 1.7587437582073706
i: 6, nodeNr: 6, lambda: 0.3803145287397811, time: 1.4206513355387438


7
3
6
7
3	
lambdas[18 1] (0.0,1.0): 0.8618177645459917 0.0 0.0 0.0 0.0 0.7893083207359581 0.3753411521791707 0.0 0.0 0.0 0.0 0.0 0.0 0.0 0.0 0.0 0.0 0.0 	
indicators[18 1] (0,1): 1 0 0 0 0 1 1 0 0 0 0 0 0 0 0 0 0 0 	
i: 0, nodeNr: 0, lambda: 0.8618177645459917, time: 7.99110010755459
i: 5, nodeNr: 5, lambda: 0.7893083207359581, time: 1.7587437582073706
i: 6, nodeNr: 6, lambda: 0.3753411521791707, time: 1.4206513355387438


5
8
8
10
3	
lambdas[18 1] (0.0,1.0): 0.9475878772242734 0.0 0.0 0.0 0.0 0.8284063929181784 0.39790534026515073 0.0 0.0 0.0 0.0 0.0 0.0 0.0 0.0 0.0 0.0 0.0 	
indicators[18 1] (0,1): 1 0 0 0 0 1 1 0 0 0 0 0 0 0 0 0 0 0 	
i: 0, nodeNr: 0, lambda: 0.9475878772242734, time: 7.99110010755459
i: 5, nodeNr: 5, lambda: 0.8284063929181784, time: 1.7587437582073706
i: 6, nodeNr: 6, lambda: 0.39790534026515073, time: 1.4206513355387438


2
12
17
17
3	
lambdas[18 1] (0.0,1.0): 0.872240870003994 0.0 0.0 0.0 0.0 0.8534722512978583 0.39790534026515073 0.0 0.0 0.0 0.0 0.0 0.0 0.0 0.0 0.0 0.0 0.0 	
indicators[18 1] (0,1): 1 0 0 0 0 1 1 0 0 0 0 0 0 0 0 0 0 0 	
i: 0, nodeNr: 0, lambda: 0.872240870003994, time: 7.99110010755459
i: 5, nodeNr: 5, lambda: 0.8534722512978583, time: 1.7587437582073706
i: 6, nodeNr: 6, lambda: 0.39790534026515073, time: 1.4206513355387438


12
16
13
1
3	
lambdas[18 1] (0.0,1.0): 0.7999121355855652 0.0 0.0 0.0 0.0 0.8493423938285113 0.39790534026515073 0.0 0.0 0.0 0.0 0.0 0.0 0.0 0.0 0.0 0.0 0.0 	
indicators[18 1] (0,1): 1 0 0 0 0 1 1 0 0 0 0 0 0 0 0 0 0 0 	
i: 0, nodeNr: 0, lambda: 0.7999121355855652, time: 7.99110010755459
i: 5, nodeNr: 5, lambda: 0.8493423938285113, time: 1.7587437582073706
i: 6, nodeNr: 6, lambda: 0.39790534026515073, time: 1.4206513355387438


10
6
9
16
12
13
3	
lambdas[18 1] (0.0,1.0): 0.771792816894503 0.0 0.0 0.0 0.0 0.8435807232669378 0.39790534026515073 0.0 0.0 0.0 0.0 0.0 0.0 0.0 0.0 0.0 0.0 0.0 	
indicators[18 1] (0,1): 1 0 0 0 0 1 1 0 0 0 0 0 0 0 0 0 0 0 	
i: 0, nodeNr: 0, lambda: 0.771792816894503, time: 7.99110010755459
i: 5, nodeNr: 5, lambda: 0.8435807232669378, time: 1.7587437582073706
i: 6, nodeNr: 6, lambda: 0.39790534026515073, time: 1.4206513355387438


1
2
16
3	
lambdas[18 1] (0.0,1.0): 0.8784249622631235 0.0 0.0 0.0 0.0 0.8254567677479316 0.39790534026515073 0.0 0.0 0.0 0.0 0.0 0.0 0.0 0.0 0.0 0.0 0.0 	
indicators[18 1] (0,1): 1 0 0 0 0 1 1 0 0 0 0 0 0 0 0 0 0 0 	
i: 0, nodeNr: 0, lambda: 0.8784249622631235, time: 7.99110010755459
i: 5, nodeNr: 5, lambda: 0.8254567677479316, time: 1.7587437582073706
i: 6, nodeNr: 6, lambda: 0.39790534026515073, time: 1.4206513355387438


5
13
7
3	
lambdas[18 1] (0.0,1.0): 0.9710456082553728 0.0 0.0 0.0 0.0 0.8254567677479316 0.4303070221558 0.0 0.0 0.0 0.0 0.0 0.0 0.0 0.0 0.0 0.0 0.0 	
indicators[18 1] (0,1): 1 0 0 0 0 1 1 0 0 0 0 0 0 0 0 0 0 0 	
i: 0, nodeNr: 0, lambda: 0.9710456082553728, time: 7.99110010755459
i: 5, nodeNr: 5, lambda: 0.8254567677479316, time: 1.7587437582073706
i: 6, nodeNr: 6, lambda: 0.4303070221558, time: 1.4206513355387438


8
14
3
13
3	
lambdas[18 1] (0.0,1.0): 0.9551090199510415 0.0 0.0 0.0 0.0 0.8334463018958724 0.43874129515329185 0.0 0.0 0.0 0.0 0.0 0.0 0.0 0.0 0.0 0.0 0.0 	
indicators[18 1] (0,1): 1 0 0 0 0 1 1 0 0 0 0 0 0 0 0 0 0 0 	
i: 0, nodeNr: 0, lambda: 0.9551090199510415, time: 7.99110010755459
i: 5, nodeNr: 5, lambda: 0.8334463018958724, time: 1.7587437582073706
i: 6, nodeNr: 6, lambda: 0.43874129515329185, time: 1.4206513355387438


16
9
12
1
13
3
3	
lambdas[18 1] (0.0,1.0): 0.9551090199510415 0.0 0.0 0.0 0.0 0.865315441435446 0.43874129515329185 0.0 0.0 0.0 0.0 0.0 0.0 0.0 0.0 0.0 0.0 0.0 	
indicators[18 1] (0,1): 1 0 0 0 0 1 1 0 0 0 0 0 0 0 0 0 0 0 	
i: 0, nodeNr: 0, lambda: 0.9551090199510415, time: 7.99110010755459
i: 5, nodeNr: 5, lambda: 0.865315441435446, time: 1.7587437582073706
i: 6, nodeNr: 6, lambda: 0.43874129515329185, time: 1.4206513355387438


11
12
13
4
7
15
3	
lambdas[18 1] (0.0,1.0): 0.8900037552955258 0.0 0.0 0.0 0.0 0.865315441435446 0.49431419291648115 0.0 0.0 0.0 0.0 0.0 0.0 0.0 0.0 0.0 0.0 0.0 	
indicators[18 1] (0,1): 1 0 0 0 0 1 1 0 0 0 0 0 0 0 0 0 0 0 	
i: 0, nodeNr: 0, lambda: 0.8900037552955258, time: 7.99110010755459
i: 5, nodeNr: 5, lambda: 0.865315441435446, time: 1.7587437582073706
i: 6, nodeNr: 6, lambda: 0.49431419291648115, time: 1.4206513355387438


2
15
16
2
7
3	
lambdas[18 1] (0.0,1.0): 0.8808106743538732 0.0 0.0 0.0 0.0 0.865315441435446 0.5245670851784867 0.0 0.0 0.0 0.0 0.0 0.0 0.0 0.0 0.0 0.0 0.0 	
indicators[18 1] (0,1): 1 0 0 0 0 1 1 0 0 0 0 0 0 0 0 0 0 0 	
i: 0, nodeNr: 0, lambda: 0.8808106743538732, time: 7.99110010755459
i: 5, nodeNr: 5, lambda: 0.865315441435446, time: 1.7587437582073706
i: 6, nodeNr: 6, lambda: 0.5245670851784867, time: 1.4206513355387438


4
1
11
3	
lambdas[18 1] (0.0,1.0): 0.8526352881731841 0.0 0.0 0.0 0.0 0.8020977058866118 0.48087356952323673 0.0 0.0 0.0 0.0 0.0 0.0 0.0 0.0 0.0 0.0 0.0 	
indicators[18 1] (0,1): 1 0 0 0 0 1 1 0 0 0 0 0 0 0 0 0 0 0 	
i: 0, nodeNr: 0, lambda: 0.8526352881731841, time: 7.99110010755459
i: 5, nodeNr: 5, lambda: 0.8020977058866118, time: 1.7587437582073706
i: 6, nodeNr: 6, lambda: 0.48087356952323673, time: 1.4206513355387438


4
1
0
16
4
3	
lambdas[18 1] (0.0,1.0): 0.8526352881731841 0.0 0.0 0.0 0.0 0.8737184428265651 0.5482002861393076 0.0 0.0 0.0 0.0 0.0 0.0 0.0 0.0 0.0 0.0 0.0 	
indicators[18 1] (0,1): 1 0 0 0 0 1 1 0 0 0 0 0 0 0 0 0 0 0 	
i: 0, nodeNr: 0, lambda: 0.8526352881731841, time: 7.99110010755459
i: 5, nodeNr: 5, lambda: 0.8737184428265651, time: 1.7587437582073706
i: 6, nodeNr: 6, lambda: 0.5482002861393076, time: 1.4206513355387438


4
14
17
2
9
12
0
3	
lambdas[18 1] (0.0,1.0): 0.8526352881731841 0.0 0.0 0.0 0.0 0.8737184428265651 0.5901613668346328 0.0 0.0 0.0 0.0 0.0 0.0 0.0 0.0 0.0 0.0 0.0 	
indicators[18 1] (0,1): 1 0 0 0 0 1 1 0 0 0 0 0 0 0 0 0 0 0 	
i: 0, nodeNr: 0, lambda: 0.8526352881731841, time: 7.99110010755459
i: 5, nodeNr: 5, lambda: 0.8737184428265651, time: 1.7587437582073706
i: 6, nodeNr: 6, lambda: 0.5901613668346328, time: 1.4206513355387438


5
9
16
8
4
3	
lambdas[18 1] (0.0,1.0): 0.8533807655393332 0.0 0.0 0.0 0.0 0.8041404726798236 0.5901613668346328 0.0 0.0 0.0 0.0 0.0 0.0 0.0 0.0 0.0 0.0 0.0 	
indicators[18 1] (0,1): 1 0 0 0 0 1 1 0 0 0 0 0 0 0 0 0 0 0 	
i: 0, nodeNr: 0, lambda: 0.8533807655393332, time: 7.99110010755459
i: 5, nodeNr: 5, lambda: 0.8041404726798236, time: 1.7587437582073706
i: 6, nodeNr: 6, lambda: 0.5901613668346328, time: 1.4206513355387438


0
15
3
8
8
10
1
7
3	
lambdas[18 1] (0.0,1.0): 0.8843207618639314 0.0 0.0 0.0 0.0 0.8041404726798236 0.5901613668346328 0.0 0.0 0.0 0.0 0.0 0.0 0.0 0.0 0.0 0.0 0.0 	
indicators[18 1] (0,1): 1 0 0 0 0 1 1 0 0 0 0 0 0 0 0 0 0 0 	
i: 0, nodeNr: 0, lambda: 0.8843207618639314, time: 7.99110010755459
i: 5, nodeNr: 5, lambda: 0.8041404726798236, time: 1.7587437582073706
i: 6, nodeNr: 6, lambda: 0.5901613668346328, time: 1.4206513355387438


1
0
13
17
3	
lambdas[18 1] (0.0,1.0): 0.8675242511923172 0.0 0.0 0.0 0.0 0.8041404726798236 0.6255437427271368 0.0 0.0 0.0 0.0 0.0 0.0 0.0 0.0 0.0 0.0 0.0 	
indicators[18 1] (0,1): 1 0 0 0 0 1 1 0 0 0 0 0 0 0 0 0 0 0 	
i: 0, nodeNr: 0, lambda: 0.8675242511923172, time: 7.99110010755459
i: 5, nodeNr: 5, lambda: 0.8041404726798236, time: 1.7587437582073706
i: 6, nodeNr: 6, lambda: 0.6255437427271368, time: 1.4206513355387438


15
8
12
15
3	
lambdas[18 1] (0.0,1.0): 0.9303996711241881 0.0 0.0 0.0 0.0 0.8384572035073424 0.667421067614082 0.0 0.0 0.0 0.0 0.0 0.0 0.0 0.0 0.0 0.0 0.0 	
indicators[18 1] (0,1): 1 0 0 0 0 1 1 0 0 0 0 0 0 0 0 0 0 0 	
i: 0, nodeNr: 0, lambda: 0.9303996711241881, time: 7.99110010755459
i: 5, nodeNr: 5, lambda: 0.8384572035073424, time: 1.7587437582073706
i: 6, nodeNr: 6, lambda: 0.667421067614082, time: 1.4206513355387438


5
17
3
3	
lambdas[18 1] (0.0,1.0): 0.9035927551929642 0.0 0.0 0.0 0.0 0.8384572035073424 0.6682803180641791 0.0 0.0 0.0 0.0 0.0 0.0 0.0 0.0 0.0 0.0 0.0 	
indicators[18 1] (0,1): 1 0 0 0 0 1 1 0 0 0 0 0 0 0 0 0 0 0 	
i: 0, nodeNr: 0, lambda: 0.9035927551929642, time: 7.99110010755459
i: 5, nodeNr: 5, lambda: 0.8384572035073424, time: 1.7587437582073706
i: 6, nodeNr: 6, lambda: 0.6682803180641791, time: 1.4206513355387438


14
0
14
3
10
1
3	
lambdas[18 1] (0.0,1.0): 0.9404225270803516 0.0 0.0 0.0 0.0 0.8330147857327599 0.6288952082039846 0.0 0.0 0.0 0.0 0.0 0.0 0.0 0.0 0.0 0.0 0.0 	
indicators[18 1] (0,1): 1 0 0 0 0 1 1 0 0 0 0 0 0 0 0 0 0 0 	
i: 0, nodeNr: 0, lambda: 0.9404225270803516, time: 7.99110010755459
i: 5, nodeNr: 5, lambda: 0.8330147857327599, time: 1.7587437582073706
i: 6, nodeNr: 6, lambda: 0.6288952082039846, time: 1.4206513355387438


15
8
15
7
12
4
13
4	
lambdas[18 1] (0.0,1.0): 0.9470780600107984 0.0 0.0 0.0 0.0 0.8507117490002873 0.6109434995725792 0.0 0.26721758745273405 0.0 0.0 0.0 0.0 0.0 0.0 0.0 0.0 0.0 	
indicators[18 1] (0,1): 1 0 0 0 0 1 1 0 1 0 0 0 0 0 0 0 0 0 	
i: 0, nodeNr: 0, lambda: 0.9470780600107984, time: 7.99110010755459
i: 5, nodeNr: 5, lambda: 0.8507117490002873, time: 1.7587437582073706
i: 6, nodeNr: 6, lambda: 0.6109434995725792, time: 1.4206513355387438
i: 8, nodeNr: 8, lambda: 0.26721758745273405, time: 0.0027381143056501855


16
3
10
6
4	
lambdas[18 1] (0.0,1.0): 0.8402905190626572 0.0 0.0 0.0 0.0 0.8507117490002873 0.5972082268307207 0.0 0.2590104523997373 0.0 0.0 0.0 0.0 0.0 0.0 0.0 0.0 0.0 	
indicators[18 1] (0,1): 1 0 0 0 0 1 1 0 1 0 0 0 0 0 0 0 0 0 	
i: 0, nodeNr: 0, lambda: 0.8402905190626572, time: 7.99110010755459
i: 5, nodeNr: 5, lambda: 0.8507117490002873, time: 1.7587437582073706
i: 6, nodeNr: 6, lambda: 0.5972082268307207, time: 1.4206513355387438
i: 8, nodeNr: 8, lambda: 0.2590104523997373, time: 0.0027381143056501855


16
4
15
0
9
1
5
4	
lambdas[18 1] (0.0,1.0): 0.8402905190626572 0.0 0.0 0.0 0.0 0.8692834471295425 0.5972082268307207 0.0 0.2448269565186846 0.0 0.0 0.0 0.0 0.0 0.0 0.0 0.0 0.0 	
indicators[18 1] (0,1): 1 0 0 0 0 1 1 0 1 0 0 0 0 0 0 0 0 0 	
i: 0, nodeNr: 0, lambda: 0.8402905190626572, time: 7.99110010755459
i: 5, nodeNr: 5, lambda: 0.8692834471295425, time: 1.7587437582073706
i: 6, nodeNr: 6, lambda: 0.5972082268307207, time: 1.4206513355387438
i: 8, nodeNr: 8, lambda: 0.2448269565186846, time: 0.0027381143056501855


1
9
17
9
9
4	
lambdas[18 1] (0.0,1.0): 0.8514233435478727 0.0 0.0 0.0 0.0 0.8692834471295425 0.6188775419057442 0.0 0.225955545958071 0.0 0.0 0.0 0.0 0.0 0.0 0.0 0.0 0.0 	
indicators[18 1] (0,1): 1 0 0 0 0 1 1 0 1 0 0 0 0 0 0 0 0 0 	
i: 0, nodeNr: 0, lambda: 0.8514233435478727, time: 7.99110010755459
i: 5, nodeNr: 5, lambda: 0.8692834471295425, time: 1.7587437582073706
i: 6, nodeNr: 6, lambda: 0.6188775419057442, time: 1.4206513355387438
i: 8, nodeNr: 8, lambda: 0.225955545958071, time: 0.0027381143056501855


0
2
6
3
17
15
4	
lambdas[18 1] (0.0,1.0): 0.8514233435478727 0.0 0.0 0.0 0.0 0.9007725733940283 0.6188775419057442 0.0 0.24072439134639084 0.0 0.0 0.0 0.0 0.0 0.0 0.0 0.0 0.0 	
indicators[18 1] (0,1): 1 0 0 0 0 1 1 0 1 0 0 0 0 0 0 0 0 0 	
i: 0, nodeNr: 0, lambda: 0.8514233435478727, time: 7.99110010755459
i: 5, nodeNr: 5, lambda: 0.9007725733940283, time: 1.7587437582073706
i: 6, nodeNr: 6, lambda: 0.6188775419057442, time: 1.4206513355387438
i: 8, nodeNr: 8, lambda: 0.24072439134639084, time: 0.0027381143056501855


11
9
6
6
5
1
4	
lambdas[18 1] (0.0,1.0): 0.8691360668055135 0.0 0.0 0.0 0.0 0.8608360700468651 0.6188775419057442 0.0 0.24072439134639084 0.0 0.0 0.0 0.0 0.0 0.0 0.0 0.0 0.0 	
indicators[18 1] (0,1): 1 0 0 0 0 1 1 0 1 0 0 0 0 0 0 0 0 0 	
i: 0, nodeNr: 0, lambda: 0.8691360668055135, time: 7.99110010755459
i: 5, nodeNr: 5, lambda: 0.8608360700468651, time: 1.7587437582073706
i: 6, nodeNr: 6, lambda: 0.6188775419057442, time: 1.4206513355387438
i: 8, nodeNr: 8, lambda: 0.24072439134639084, time: 0.0027381143056501855


1
5
5
4	
lambdas[18 1] (0.0,1.0): 0.9211621045831426 0.0 0.0 0.0 0.0 0.8868431816120199 0.6188775419057442 0.0 0.24166686161101028 0.0 0.0 0.0 0.0 0.0 0.0 0.0 0.0 0.0 	
indicators[18 1] (0,1): 1 0 0 0 0 1 1 0 1 0 0 0 0 0 0 0 0 0 	
i: 0, nodeNr: 0, lambda: 0.9211621045831426, time: 7.99110010755459
i: 5, nodeNr: 5, lambda: 0.8868431816120199, time: 1.7587437582073706
i: 6, nodeNr: 6, lambda: 0.6188775419057442, time: 1.4206513355387438
i: 8, nodeNr: 8, lambda: 0.24166686161101028, time: 0.0027381143056501855


1
11
1
14
16
4	
lambdas[18 1] (0.0,1.0): 0.9127626441233894 0.0 0.0 0.0 0.0 0.8308533634880049 0.6188775419057442 0.0 0.23844285958798098 0.0 0.0 0.0 0.0 0.0 0.0 0.0 0.0 0.0 	
indicators[18 1] (0,1): 1 0 0 0 0 1 1 0 1 0 0 0 0 0 0 0 0 0 	
i: 0, nodeNr: 0, lambda: 0.9127626441233894, time: 7.99110010755459
i: 5, nodeNr: 5, lambda: 0.8308533634880049, time: 1.7587437582073706
i: 6, nodeNr: 6, lambda: 0.6188775419057442, time: 1.4206513355387438
i: 8, nodeNr: 8, lambda: 0.23844285958798098, time: 0.0027381143056501855


11
8
3
9
3
3	
lambdas[18 1] (0.0,1.0): 0.9127626441233894 0.0 0.0 0.0 0.0 0.9035907823973186 0.6187712876261474 0.0 0.0 0.0 0.0 0.0 0.0 0.0 0.0 0.0 0.0 0.0 	
indicators[18 1] (0,1): 1 0 0 0 0 1 1 0 0 0 0 0 0 0 0 0 0 0 	
i: 0, nodeNr: 0, lambda: 0.9127626441233894, time: 7.99110010755459
i: 5, nodeNr: 5, lambda: 0.9035907823973186, time: 1.7587437582073706
i: 6, nodeNr: 6, lambda: 0.6187712876261474, time: 1.4206513355387438


14
1
4
5
13
4	
lambdas[18 1] (0.0,1.0): 0.9127626441233894 0.0 0.0 0.0 0.4819041319783349 0.8411769074177605 0.5837424918908691 0.0 0.0 0.0 0.0 0.0 0.0 0.0 0.0 0.0 0.0 0.0 	
indicators[18 1] (0,1): 1 0 0 0 1 1 1 0 0 0 0 0 0 0 0 0 0 0 	
i: 0, nodeNr: 0, lambda: 0.9127626441233894, time: 7.99110010755459
i: 4, nodeNr: 4, lambda: 0.4819041319783349, time: 0.05264705655786095
i: 5, nodeNr: 5, lambda: 0.8411769074177605, time: 1.7587437582073706
i: 6, nodeNr: 6, lambda: 0.5837424918908691, time: 1.4206513355387438


3
8
3
17
1
13
0
8
4	
lambdas[18 1] (0.0,1.0): 0.9127626441233894 0.0 0.0 0.0 0.4819041319783349 0.8411769074177605 0.6144998485252928 0.0 0.0 0.0 0.0 0.0 0.0 0.0 0.0 0.0 0.0 0.0 	
indicators[18 1] (0,1): 1 0 0 0 1 1 1 0 0 0 0 0 0 0 0 0 0 0 	
i: 0, nodeNr: 0, lambda: 0.9127626441233894, time: 7.99110010755459
i: 4, nodeNr: 4, lambda: 0.4819041319783349, time: 0.05264705655786095
i: 5, nodeNr: 5, lambda: 0.8411769074177605, time: 1.7587437582073706
i: 6, nodeNr: 6, lambda: 0.6144998485252928, time: 1.4206513355387438


5
12
6
17
5
1
4	
lambdas[18 1] (0.0,1.0): 0.9127626441233894 0.0 0.0 0.0 0.45095119044537124 0.792259319988129 0.6144998485252928 0.0 0.0 0.0 0.0 0.0 0.0 0.0 0.0 0.0 0.0 0.0 	
indicators[18 1] (0,1): 1 0 0 0 1 1 1 0 0 0 0 0 0 0 0 0 0 0 	
i: 0, nodeNr: 0, lambda: 0.9127626441233894, time: 7.99110010755459
i: 4, nodeNr: 4, lambda: 0.45095119044537124, time: 0.05264705655786095
i: 5, nodeNr: 5, lambda: 0.792259319988129, time: 1.7587437582073706
i: 6, nodeNr: 6, lambda: 0.6144998485252928, time: 1.4206513355387438


1
12
10
13
4	
lambdas[18 1] (0.0,1.0): 0.9127626441233894 0.0 0.0 0.0 0.4253449377061554 0.792259319988129 0.5951051372762708 0.0 0.0 0.0 0.0 0.0 0.0 0.0 0.0 0.0 0.0 0.0 	
indicators[18 1] (0,1): 1 0 0 0 1 1 1 0 0 0 0 0 0 0 0 0 0 0 	
i: 0, nodeNr: 0, lambda: 0.9127626441233894, time: 7.99110010755459
i: 4, nodeNr: 4, lambda: 0.4253449377061554, time: 0.05264705655786095
i: 5, nodeNr: 5, lambda: 0.792259319988129, time: 1.7587437582073706
i: 6, nodeNr: 6, lambda: 0.5951051372762708, time: 1.4206513355387438


15
17
9
11
4	
lambdas[18 1] (0.0,1.0): 0.9127626441233894 0.0 0.0 0.0 0.3795939626859758 0.766271924197473 0.5967515956945374 0.0 0.0 0.0 0.0 0.0 0.0 0.0 0.0 0.0 0.0 0.0 	
indicators[18 1] (0,1): 1 0 0 0 1 1 1 0 0 0 0 0 0 0 0 0 0 0 	
i: 0, nodeNr: 0, lambda: 0.9127626441233894, time: 7.99110010755459
i: 4, nodeNr: 4, lambda: 0.3795939626859758, time: 0.05264705655786095
i: 5, nodeNr: 5, lambda: 0.766271924197473, time: 1.7587437582073706
i: 6, nodeNr: 6, lambda: 0.5967515956945374, time: 1.4206513355387438


13
4
3
14
17
3
4	
lambdas[18 1] (0.0,1.0): 0.9127626441233894 0.0 0.0 0.0 0.0 0.8007100533425324 0.5967515956945374 0.0 0.0 0.0 0.0 0.0 0.0 0.16150326847547622 0.0 0.0 0.0 0.0 	
indicators[18 1] (0,1): 1 0 0 0 0 1 1 0 0 0 0 0 0 1 0 0 0 0 	
i: 0, nodeNr: 0, lambda: 0.9127626441233894, time: 7.99110010755459
i: 5, nodeNr: 5, lambda: 0.8007100533425324, time: 1.7587437582073706
i: 6, nodeNr: 6, lambda: 0.5967515956945374, time: 1.4206513355387438
i: 13, nodeNr: 13, lambda: 0.16150326847547622, time: 0.3787351933120755


